kmeans -> d7-scores+embedv3: 0 clusters ()
kmeans -> d4-embedv3: 0 clusters ()
kmeans -> d1-scores: 4 clusters (3237, 235, 11, 1)
kmeans -> d5-scores+sbert: 8 clusters (3237, 235, 11, 1, 3237, 235, 11, 1)
kmeans -> d2-sbert: 12 clusters (3237, 235, 11, 1, 3237, 235, 11, 1, 1147, 1672, 187, 478)
kmeans -> d6-scores+e5: 12 clusters (3237, 235, 11, 1, 3237, 235, 11, 1, 1147, 1672, 187, 478)
kmeans -> d3-e5: 12 clusters (3237, 235, 11, 1, 3237, 235, 11, 1, 1147, 1672, 187, 478)
agglomerative -> d7-scores+embedv3: 0 clusters ()
agglomerative -> d4-embedv3: 0 clusters ()
agglomerative -> d1-scores: 3 clusters (376, 3107, 1)
agglomerative -> d5-scores+sbert: 6 clusters (376, 3107, 1, 376, 3107, 1)
agglomerative -> d2-sbert: 9 clusters (376, 3107, 1, 376, 3107, 1, 2670, 148, 666)
agglomerative -> d6-scores+e5: 9 clusters (376, 3107, 1, 376, 3107, 1, 2670, 148, 666)
agglomerative -> d3-e5: 9 clusters (376, 3107, 1, 376, 3107, 1, 2670, 148, 666)
dbscan -> d7-scores+embedv3: 0 clusters ()
dbscan -> d4-embedv3: 0 clusters ()
dbscan -> d1-scores: 167 clusters (7, 9, 7, 11, 7, 32, 5, 15, 9, 7, 7, 13, 5, 12, 6, 97, 6, 5, 5, 5, 6, 6, 7, 5, 17, 5, 18, 5, 19, 6, 9, 18, 14, 7, 5, 5, 18, 12, 10, 9, 18, 6, 6, 7, 6, 10, 6, 10, 6, 6, 9, 7, 6, 16, 519, 12, 6, 7, 11, 13, 10, 5, 11, 6, 10, 5, 12, 68, 6, 5, 9, 6, 16, 57, 16, 6, 7, 5, 9, 6, 10, 9, 21, 7, 28, 9, 6, 10, 5, 34, 12, 20, 9, 6, 11, 34, 13, 29, 7, 5, 20, 7, 8, 30, 15, 7, 10, 5, 12, 13, 11, 19, 8, 7, 6, 8, 7, 11, 17, 9, 27, 7, 5, 15, 7, 6, 9, 9, 6, 11, 9, 86, 6, 24, 7, 13, 28, 6, 10, 5, 7, 20, 11, 88, 5, 6, 6, 20, 16, 9, 14, 5, 5, 7, 7, 7, 26, 6, 5, 5, 10, 11, 6, 9, 5, 6, 6) , +912 noisy repos
dbscan -> d5-scores+sbert: 167 clusters (7, 9, 7, 11, 7, 32, 5, 15, 9, 7, 7, 13, 5, 12, 6, 97, 6, 5, 5, 5, 6, 6, 7, 5, 17, 5, 18, 5, 19, 6, 9, 18, 14, 7, 5, 5, 18, 12, 10, 9, 18, 6, 6, 7, 6, 10, 6, 10, 6, 6, 9, 7, 6, 16, 519, 12, 6, 7, 11, 13, 10, 5, 11, 6, 10, 5, 12, 68, 6, 5, 9, 6, 16, 57, 16, 6, 7, 5, 9, 6, 10, 9, 21, 7, 28, 9, 6, 10, 5, 34, 12, 20, 9, 6, 11, 34, 13, 29, 7, 5, 20, 7, 8, 30, 15, 7, 10, 5, 12, 13, 11, 19, 8, 7, 6, 8, 7, 11, 17, 9, 27, 7, 5, 15, 7, 6, 9, 9, 6, 11, 9, 86, 6, 24, 7, 13, 28, 6, 10, 5, 7, 20, 11, 88, 5, 6, 6, 20, 16, 9, 14, 5, 5, 7, 7, 7, 26, 6, 5, 5, 10, 11, 6, 9, 5, 6, 6) , +3484 noisy repos
dbscan -> d2-sbert: 172 clusters (7, 9, 7, 11, 7, 32, 5, 15, 9, 7, 7, 13, 5, 12, 6, 97, 6, 5, 5, 5, 6, 6, 7, 5, 17, 5, 18, 5, 19, 6, 9, 18, 14, 7, 5, 5, 18, 12, 10, 9, 18, 6, 6, 7, 6, 10, 6, 10, 6, 6, 9, 7, 6, 16, 519, 12, 6, 7, 11, 13, 10, 5, 11, 6, 10, 5, 12, 68, 6, 5, 9, 6, 16, 57, 16, 6, 7, 5, 9, 6, 10, 9, 21, 7, 28, 9, 6, 10, 5, 34, 12, 20, 9, 6, 11, 34, 13, 29, 7, 5, 20, 7, 8, 30, 15, 7, 10, 5, 12, 13, 11, 19, 8, 7, 6, 8, 7, 11, 17, 9, 27, 7, 5, 15, 7, 6, 9, 9, 6, 11, 9, 86, 6, 24, 7, 13, 28, 6, 10, 5, 7, 20, 11, 88, 5, 6, 6, 20, 16, 9, 14, 5, 5, 7, 7, 7, 26, 6, 5, 5, 10, 11, 6, 9, 5, 6, 6, 6, 5, 6, 7, 6) , +3454 noisy repos
dbscan -> d6-scores+e5: 172 clusters (7, 9, 7, 11, 7, 32, 5, 15, 9, 7, 7, 13, 5, 12, 6, 97, 6, 5, 5, 5, 6, 6, 7, 5, 17, 5, 18, 5, 19, 6, 9, 18, 14, 7, 5, 5, 18, 12, 10, 9, 18, 6, 6, 7, 6, 10, 6, 10, 6, 6, 9, 7, 6, 16, 519, 12, 6, 7, 11, 13, 10, 5, 11, 6, 10, 5, 12, 68, 6, 5, 9, 6, 16, 57, 16, 6, 7, 5, 9, 6, 10, 9, 21, 7, 28, 9, 6, 10, 5, 34, 12, 20, 9, 6, 11, 34, 13, 29, 7, 5, 20, 7, 8, 30, 15, 7, 10, 5, 12, 13, 11, 19, 8, 7, 6, 8, 7, 11, 17, 9, 27, 7, 5, 15, 7, 6, 9, 9, 6, 11, 9, 86, 6, 24, 7, 13, 28, 6, 10, 5, 7, 20, 11, 88, 5, 6, 6, 20, 16, 9, 14, 5, 5, 7, 7, 7, 26, 6, 5, 5, 10, 11, 6, 9, 5, 6, 6, 6, 5, 6, 7, 6) , +3454 noisy repos
dbscan -> d3-e5: 172 clusters (7, 9, 7, 11, 7, 32, 5, 15, 9, 7, 7, 13, 5, 12, 6, 97, 6, 5, 5, 5, 6, 6, 7, 5, 17, 5, 18, 5, 19, 6, 9, 18, 14, 7, 5, 5, 18, 12, 10, 9, 18, 6, 6, 7, 6, 10, 6, 10, 6, 6, 9, 7, 6, 16, 519, 12, 6, 7, 11, 13, 10, 5, 11, 6, 10, 5, 12, 68, 6, 5, 9, 6, 16, 57, 16, 6, 7, 5, 9, 6, 10, 9, 21, 7, 28, 9, 6, 10, 5, 34, 12, 20, 9, 6, 11, 34, 13, 29, 7, 5, 20, 7, 8, 30, 15, 7, 10, 5, 12, 13, 11, 19, 8, 7, 6, 8, 7, 11, 17, 9, 27, 7, 5, 15, 7, 6, 9, 9, 6, 11, 9, 86, 6, 24, 7, 13, 28, 6, 10, 5, 7, 20, 11, 88, 5, 6, 6, 20, 16, 9, 14, 5, 5, 7, 7, 7, 26, 6, 5, 5, 10, 11, 6, 9, 5, 6, 6, 6, 5, 6, 7, 6) , +3454 noisy repos
gmm -> d7-scores+embedv3: 0 clusters ()
gmm -> d4-embedv3: 0 clusters ()
gmm -> d1-scores: 4 clusters (1732, 353, 1, 1398)
gmm -> d5-scores+sbert: 8 clusters (1732, 353, 1, 1398, 3225, 13, 1, 245)
gmm -> d2-sbert: 12 clusters (1732, 353, 1, 1398, 3225, 13, 1, 245, 1315, 752, 638, 779)
gmm -> d6-scores+e5: 12 clusters (1732, 353, 1, 1398, 3225, 13, 1, 245, 1315, 752, 638, 779)
gmm -> d3-e5: 12 clusters (1732, 353, 1, 1398, 3225, 13, 1, 245, 1315, 752, 638, 779)
